456239689
456239848
456239184
456247185
456239256
456239581
456239522
456239453
456239585
456239575
456239512
456239548
456239692
456239701
456239710
456239475
456239677
456239455
456239427
456239687
456239694
456239612
456239613
456239675
456239565
456239434
456239563
456239562
456239555
456239633
456239540
456239480
456239643
456239468
456239413
456239506
456239634
456239570
456239693
456239485
456239543
456239642
456239478
456239689
456239564
456239629
456239459
456239721
456239678
456239428
456239525
456239532
456239546
456239439
456239637
456239454
456239538
456239552
456239374
456239639
456239647
456239688
456239498
456239510
456239631
456239569
456239460
456239685
456239686
456239379
456239446
456239577
456239707
456239610
456239447
456239545
456239690
456239484
456239431
456239681
456239584
456239709
456247118
456245978
456247149
456245793
456246589
456246069
456245819
456246366
456247437
456246210
456246396
456246673
456245917
456246083
456246724
456245824
456246427
456245989
456245744
456247650
456246547
456245743
456246455
456247545
456247529
456246385
456245687
456245847
456247646
456245914
456246305
456246338
456246683
456245864
456246167
456246222
456245495
456246114
456245947
456247597
456245885
456247473
456245685
456246816
456247301
456246354
456247528
456247054
456245631
456246537
456247441
456247489
456246653
456246486
456246166
456245940
456245529
456245613
456246322
456247168
456245853
456246632
456245973
456247430
456246504
456245698
456245844
456246666
456245639
456245691
456247130
456247317
456247451
456247550
456246328
456247262
456247627
456246747
456247416
456247155
456247393
456247685
456247445
456247234
456247492
456247592
456247640
456246076
456246111
456247309
456247218
456245566
456246606
456246242
456246177
456246320
456246028
456246793
456247567
456245588
456245652
456246161
456245717
456246345
456245537
456245927
456247601
456246601
456245972
456246370
456247426
456245967
456246600
456247517
456246453
456247386
456246613
456247481
456246736
456247195
456247067
456246264
456246698
456245979
456247555
456247410
456246353
456246519
456247094
456245658
456247599
456246255
456246512
456246050
456246609
456246391
456245648
456247514
456245565
456247329
456245758
456246524
456247573
456247558
456245903
456246552
456245816
456246403
456245769
456246469
456246048
456245778
456245620
456247493
456245781
456247240
456246143
456245737
456246467
456247638
456246294
456247631
456245902
456246138
456245983
456246115
456247102
456245596
456246192
456245931
456247120
456245751
456246306
456245999
456245557
456246752
456247260
456247536
456247353
456242853
456246602
456246398
456245937
456245884
456246621
456246611
456246792
456247561
456247132
456245886
456247546
456246390
456246770
456247174
456246120
456246135
456246212
456246352
456245638
456247595
456246473
456247401
456246420
456246751
456246584
456247556
456245827
456246772
456246302
456246783
456246641
456246236
456247222
456245556
456245633
456247471
456245546
456245508
456247050
456246404
456247427
456247491
456246581
456247644
456247544
456246344
456245504
456245575
456246173
456246717
456246575
456246667
456246578
456247322
456246807
456247122
456245498
456246201
456245365
456246645
456246799
456245531
456245510
456247469
456247225
456247478
456246162
456247531
456247287
456246457
456245995
456246680
456246363
456247600
456247203
456246019
456246123
456246561
456245690
456247325
456247518
456245904
456246439
456246762
456245894
456247433
456246001
456246317
456245766
456246424
456247495
456245943
456246539
456246132
456246713
456245955
456246256
456247548
456247519
456245576
456247540
456246663
456245528
456245726
456246277
456247671
456245905
456245852
456246035
456245794
456247461
456245788
456247305
456246760
456246067
456246554
456247276
456246081
456247117
456247559
456245936
456247326
456245888
456247425
456246241
456247181
456247625
456247521
456246615
456247141
456246158
456247336
456245797
456247641
456245915
456245592
456246090
456246127
456247476
456246564
456246801
456246258
456247382
456246357
456246023
456246687
456246004
456247406
456247238
456246450
456246003
456247388
456247192
456246417
456246769
456245699
456247215
456245866
456246433
456246686
456247542
456245675
456247160
456245683
456246614
456246449
456247352
456247049
456246148
456246116
456247608
456247113
456245591
456247594
456247414
456246758
456247622
456245617
456246650
456245960
456245678
456245708
456245880
456247167
456247313
456247343
456246288
456245767
456247656
456246735
456247487
456245545
456246272
456246334
456245360
456247216
456245998
456247407
456246194
456246022
456245918
456246172
456247180
456246791
456247196
456245929
456245777
456246493
456245760
456247490
456247458
456247259
456246206
456247394
456246214
456247139
456246432
456245558
456246184
456247208
456247161
456247654
456246036
456247606
456247552
456247593
456247613
456246128
456245971
456246485
456246459
456246543
456247157
456247390
456246382
456245968
456247507
456245946
456246438
456247237
456246189
456245831
456247283
456245876
456246377
456245522
456247605
456246335
456246121
456246750
456246284
456245801
456246488
456245532
456245664
456247256
456247310
456246454
456245987
456246612
456246739
456246472
456245544
456247070
456246274
456245662
456247176
456246593
456246392
456246323
456247443
456245692
456246312
456246605
456245542
456246315
456247549
456246670
456245795
456245922
456246448
456247560
456245954
456247193
456247657
456246109
456245657
456247541
456246124
456247408
456246574
456246818
456246130
456246716
456245563
456246238
456246718
456246289
456247639
456246706
456246425
456245878
456246183
456246789
456246643
456246768
456247585
456246509
456247241
456245689
456245679
456246311
456247557
456245676
456245775
456247692
456245832
456247637
456246089
456246324
456245577
456245857
456246031
456245553
456247188
456246387
456245603
456245501
456246078
456240226
456240202
456240203
456240252
456240198
456240233
456240199
456240204
456239515
456239524
456240111
456239649
456239902
456240048
456240234
456239785
456239600
456239642
456239689
456239829
456240005
456239546
456239962
456239667
456239542
456240274
456240023
456239552
456239726
456239793
456239870
456240392
456240383
456239757
456240381
456239756
456239577
456240382
456239766
456240388
456239994
456240034
456240232
456240242
456239512
456240158
456240067
456239723
456239768
456239872
456239740
456240350
456240275
456240040
456239682
456239643
456240121
456239529
456240296
456240309
456239629
456239721
456239924
456239536
456240170
456240293
456240049
456239655
456239510
456239513
456240387
456240374
456240386
456240341
456240385
456239725
456240373
456240407
456239595
456239873
456239558
456240125
456240200
456240220
456239999
456240384
456239735
456240301
456239875
456239633
456239540
456240131
456240271
456239616
456240423
456240069
456240250
456240372
456239541
456240079
456240042
456239837
456240427
456239514
456240241
456239718
456240340
456240152
456239511
456239535
456240396
456239907
456239903
456239594
456239871
456239883
456239692
456239691
456239916
456240397
456240370
456239818
456240289
456240339
456239769
456239948
456239874
456239804
456240175
456239566
456240279
456239619
456240376
456240239
456240156
456240255
456240329
456240141
456240184
456239955
456239731
456239754
456239729
456239584
456240062
456250848
456249651
456253507
456250634
456251313
456248833
456249033
456250295
456253542
456250923
456249941
456249605
456248538
456241577
456249582
456250370
456253549
456251051
456249678
456249489
456249823
456251052
456250709
456250706
456249147
456249398
456250131
456249559
456249435
456249966
456249487
456249371
456249695
456248606
456241715
456250177
456241817
456249010
456250155
456250036
456250320
456250453
456250589
456241552
456248627
456248514
456249250
456250752
456241645
456250845
456250037
456249125
456248895
456250323
456241554
456251030
456250707
456249989
456250456
456250132
456249681
456249654
456250064
456249348
456249276
456250799
456250106
456250710
456253555
456249034
456250616
456249483
456250345
456248940
456250066
456249277
456251220
456248715
456253558
456248869
456251122
456250343
456250220
456251176
456241576
456251172
456250251
456250038
456249942
456250533
456253499
456250252
456250035
456253543
456250174
456253548
456251050
456249350
456250175
456250176
456249246
456241625
456250874
456241778
456250321
456251255
456250452
456241751
456241815
456249964
456250534
456249485
456249086
456248892
456248674
456250478
456249776
456250637
456250501
456249461
456248740
456249631
456250728
456249087
456249514
456241528
456249172
456249965
456249458
456249062
456249224
456249059
456250012
456250373
456248918
456249584
456253553
456250249
456249196
456250872
456248693
456251087
456249248
456249129
456241808
456251266
456250659
456253537
456251031
456253554
456250014
456248626
456250275
456253540
456249558
456250346
456249919
456253557
456251104
456250133
456251258
456250250
456251314
456250273
456250503
456248871
456250154
456251084
456241666
456250751
456249482
456250347
456249328
456248916
456250920
456250424
456250919
456248986
456249349
456250397
456241775
456250299
456248894
456251290
456249481
456250422
456249009
456251173
456249486
456249653
456249990
456250039
456250479
456250561
456248814
456249580
456249462
456249304
456249872
456250502
456250849
456250928
456250344
456249606
456249845
456249433
456250687
456250475
456248914
456250372
456249679
456250063
456253476
456251149
456250823
456249400
456250824
456251009
456249370
456253538
456248470
456248958
456250564
456249991
456250455
456251085
456249630
456248629
456250956
456250065
456248984
456248939
456251193
456241749
456249748
456249347
456250730
456248671
456251216
456249107
456248516
456249800
456250223
456250197
456241529
456249035
456249987
456251049
456253561
456249749
456249724
456241526
456249085
456251153
456249727
456249346
456249581
456250847
456251194
456241779
456250173
456248741
456249844
456241735
456249399
456250779
456251316
456241747
456249723
456249279
456251198
456253559
456249868
456249460
456250802
456250984
456250689
456248792
456243158
456243038
456242842
456242881
456243222
456243064
456242848
456243124
456243216
456242885
456242982
456243003
456242762
456243227
456243049
456239851
456239850
456239725
456239661
456239823
456239660
456239812
456239669
456239822
456239627
456239813
456239761
456239698
456239758
456239701
456239710
456239714
456239691
456239753
456239677
456239609
456239833
456239818
456239694
456239613
456239712
456239832
456239705
456239708
456239847
456239682
456239716
456239834
456239719
456239702
456239668
456239828
456239693
456239722
456239644
456239829
456239619
456239697
456239629
456239695
456239678
456239720
456239667
456239717
456239641
456239726
456239824
456239856
456239621
456239655
456239636
456239810
456239578
456239673
456239696
456239703
456239711
456239686
456239860
456239707
456239646
456239840
456239837
456239706
456239715
456239849
456239729
456239718
456239836
456239709
456239278
456239284
456239477
456239127
456239165
456239241
456239256
456239269
456239126
456239208
456239260
456239237
456239172
456239130
456239212
456239661
456239658
456239871
456239879
456239692
456239811
456239999
456239931
456239676
456239486
456239693
456239820
456239678
456239615
456239653
456239494
456239809
456239696
456239403
456239672
456239684
456239993
456239729
456239681
456239420
456239648
456239419
456239605
456239872
456239733
456239681
456245503
456244399
456245752
456244820
456245399
456245552
456244988
456244141
456245579
456245425
456244208
456244947
456245281
456244424
456244863
456245244
456244638
456245331
456245092
456245776
456245211
456245661
456244390
456244255
456245709
456244795
456244528
456245346
456244160
456245298
456240654
456240611
456241279
456239816
456241695
456239759
456241355
456240557
456240682
456241521
456240535
456240622
456241340
456240697
456240991
456241352
456241316
456240484
456239782
456240467
456241304
456240150
456241525
456240393
456241490
456240519
456240674
456240685
456241692
456240549
456241456
456240723
456241322
456240610
456239829
456240011
456241284
456240405
456240072
456239807
456241504
456240672
456241122
456240559
456241385
456239793
456240127
456240698
456240206
456240395
456240528
456241116
456241220
456240236
456241483
456241655
456240718
456241128
456241392
456240035
456240223
456239806
456241457
456240688
456241491
456241319
456241074
456241013
456241388
456241224
456240840
456240460
456240749
456240671
456240100
456241482
456240591
456239996
456241330
456240115
456239760
456241465
456241024
456240506
456239988
456240745
456241338
456240977
456241039
456241180
456240719
456239723
456241650
456240966
456241453
456240642
456241012
456239832
456239740
456240984
456241548
456240585
456240480
456241131
456241296
456241276
456241126
456240230
456241129
456240010
456240845
456240309
456240669
456241642
456240728
456240514
456241387
456241417
456240348
456241244
456240730
456240717
456240479
456241343
456240963
456240652
456241351
456241331
456240638
456241366
456241507
456240598
456239748
456241232
456240938
456240503
456240668
456240943
456241601
456240497
456240795
456240471
456241462
456240215
456241357
456239873
456240545
456240148
456240539
456240635
456241479
456241261
456240489
456239833
456240468
456240550
456241401
456240758
456241428
456241350
456241025
456240616
456240647
456241317
456239771
456241269
456240269
456241424
456240627
456240544
456240529
456241551
456240756
456240724
456241463
456241273
456240372
456240621
456240757
456240042
456240075
456240452
456240679
456240593
456240856
456240524
456241132
456240806
456241602
456240755
456240701
456240609
456239837
456241231
456239954
456240866
456241222
456240736
456241339
456240340
456241246
456240226
456240888
456241473
456239775
456240732
456239812
456241464
456240546
456239903
456240523
456240941
456241245
456240620
456239758
456241600
456240222
456241001
456240762
456241250
456240714
456239819
456241249
456240482
456241396
456240243
456240594
456240448
456241604
456241014
456240547
456240394
456241263
456241130
456241624
456240636
456241526
456240726
456240704
456241478
456240914
456239943
456240942
456240660
456241500
456241118
456241703
456241496
456241506
456239745
456241270
456241298
456241470
456241480
456240499
456240554
456240715
456239802
456241517
456241510
456241264
456241344
456241287
456239729
456240320
456240937
456240721
456241278
456239927
456240099
456239744
456239671
456239890
456239701
456239560
456239811
456240067
456239699
456239881
456239768
456239712
456239782
456239737
456239853
456239705
456239739
456239769
456239847
456239794
456239738
456239790
456239568
456239829
456240058
456239886
456239619
456239456
456240068
456239721
456239878
456240041
456240447
456240072
456239747
456239846
456239770
456239654
456240054
456239556
456239801
456240038
456239621
456239798
456240060
456239728
456239685
456239713
456239840
456239781
456239750
456239731
456239754
456239715
456239797
456240059
456239791
456239932
456239795
456240029
456240017
456239388
456239980
456239841
456239911
456239572
456239816
456239031
456239453
456239152
456239336
456239058
456239908
456240003
456239433
456239216
456239329
456239669
456239070
456239671
456239125
456239098
456239251
456239515
456239424
456239067
456239588
456239587
456239275
456239632
456239714
456239114
456239474
456239531
456240028
456239129
456239614
456239284
456239455
456239219
456239427
456239212
456239609
456239649
456239289
456239902
456239694
456239590
456239243
456239408
456239195
456240048
456239675
456239434
456239225
456239782
456239029
456239482
456239297
456239853
456239562
456239153
456239306
456239110
456239083
456239150
456239096
456239600
456239282
456239880
456239259
456239189
456239412
456239755
456239179
456239174
456239476
456239214
456239499
456239394
456240056
456240032
456239471
456239378
456239634
456239264
456239231
456239236
456239148
456239330
456239889
456239485
456239325
456239109
456239119
456240011
456239564
456240005
456239674
456239210
456239136
456239472
456239069
456239878
456239779
456239169
456239151
456239331
456239525
456239546
456239477
456239287
456239235
456239215
456239958
456239240
456239659
456239410
456239279
456240023
456239061
456239538
456239906
456239340
456239095
456239901
456239521
456239281
456239989
456239726
456239157
456239078
456239355
456239987
456239396
456239342
456239298
456239662
456239494
456239103
456239217
456239101
456239085
456239793
456239870
456239647
456239604
456239809
456239554
456239479
456239198
456239122
456239957
456239048
456239027
456239491
456239338
456239387
456240004
456239657
456239302
456239493
456239044
456239199
456239270
456239335
456239421
456239423
456239339
456239713
456239711
456239226
456239178
456239088
456239756
456239686
456239072
456239038
456239266
456239245
456239577
456239064
456239993
456239039
456239256
456239416
456239766
456239254
456240037
456239715
456239797
456239334
456239163
456239161
456239392
456239143
456239092
456239353
456239276
456239602
456239127
456240034
456239133
456239441
456239796
456239111
456239823
456239023
456239959
456239927
456239465
456239117
456239295
456239076
456239112
456239744
456239760
456239575
456239512
456239971
456239854
456239094
456239321
456239041
456239017
456239627
456239091
456239450
456239208
456239890
456239469
456239322
456239237
456239727
456239132
456239811
456239665
456239497
456239475
456239606
456239368
456239360
456239130
456239180
456239167
456239723
456239134
456239596
456239400
456239277
456239201
456239175
456239252
456239262
456239144
456239768
456239712
456239565
456239832
456239220
456239154
456239146
456239158
456239591
456239555
456239184
456239984
456239432
456239040
456239574
456240040
456239124
456240052
456239682
456239337
456239249
456239643
456239121
456239247
456239468
456239605
456239413
456239794
456239557
456239263
456239327
456239317
456239155
456239234
456239406
456240010
456239036
456240007
456239464
456239021
456239693
456239568
456239644
456239176
456239492
456239438
456239430
456239765
456239965
456240053
456240020
456239582
456239456
456239629
456239341
456239695
456239149
456239589
456239720
456239532
456239501
456239536
456239221
456239439
456239057
456239028
456239022
456239893
456240064
456239500
456239561
456239222
456239025
456239269
456239052
456239628
456239377
456239374
456239328
456239260
456239204
456239104
456239271
456239046
456239034
456239390
456239239
456239393
456239398
456239062
456240049
456239655
456239301
456239898
456239537
456239310
456239895
456239118
456239354
456239510
456239348
456239292
456239248
456239294
456239115
456239964
456239569
456239963
456239319
456239607
456239227
456239141
456239316
456239347
456239488
456239397
456239772
456239202
456239763
456239422
456239379
456239285
456239246
456239876
456239442
456239244
456239610
456239750
456239437
456239369
456239084
456240051
456239296
456240012
456239381
456239945
456239308
456239748
456239207
456239020
456239444
456239826
456239265
456239305
456239489
456239932
456239567
456239848
456239185
456239332
456239272
456239194
456239725
456239373
456239933
456239165
456239383
456239267
456239019
456239449
456239055
456239534
456239399
456239660
456239043
456239030
456239349
456239033
456239106
456239099
456239822
456239435
456239365
456239679
456239314
456239352
456239026
456239315
456239942
456239345
456239558
456239372
456239054
456239401
456239457
456239093
456239827
456239699
456239059
456239956
456239677
456239389
456239075
456239858
456239833
456240057
456240001
456239074
456239200
456239544
456239613
456239255
456239164
456239361
456239191
456239073
456239288
456239258
456239968
456239187
456239108
456239160
456239183
456239633
456239762
456239077
456239831
456239371
456239407
456239290
456239081
456239032
456239346
456239506
456239834
456239186
456239126
456239738
456239050
456239859
456239592
456239079
456239503
456239171
456239668
456239608
456239042
456239196
456239972
456239228
456239697
456239068
456239459
456239415
456239385
456239344
456239218
456239974
456240019
456239599
456239656
456239173
456239082
456239102
456239192
456239654
456239024
456239351
456239556
456239919
456239080
456239357
456240033
456239496
456239223
456239960
456239356
456239362
456239520
456239417
456239162
456239621
456239603
456240027
456239113
456239473
456239578
456239409
456239090
456239626
456239481
456239309
456239403
456239188
456239728
456239159
456239181
456239145
456239087
456239307
456239618
456239414
456239452
456239177
456239781
456239142
456239065
456239954
456239905
456239462
456239620
456239514
456239426
456239324
456239018
456239299
456239849
456239484
456239429
456239283
456239836
456239431
456239405
456239172
456239791
456239795
456240036
456239617
456239116
456239230
456239053
456239630
456239436
456239419
456239867
456239519
456239056
456239250
456239323
456239991
456240046
456239467
456239941
456239123
456239170
456239135
456239869
456240002
456239903
456239370
456239366
456239241
456239311
456239724
456239049
456239518
456239166
456239035
456239692
456239458
456239350
456239758
456239710
456239300
456239364
456239691
456239753
456239066
456239821
456240031
456239490
456239193
456239089
456239253
456239700
456239232
456239818
456239376
456239487
456239819
456239664
456239380
456239402
456239363
456239563
456239705
456239708
456239156
456239573
456239107
456239486
456239981
456239480
456239716
456239047
456239051
456239990
456239229
456239420
456239203
456239045
456239670
456239418
456239312
456239197
456239804
456239623
456239483
456239635
456239120
456240018
456239741
456240065
456239478
456240014
456239786
456239566
456239205
456239105
456239820
456239448
456239917
456239375
456239619
456239280
456239495
456239320
456239293
456239168
456239428
456239138
456239463
456239326
456239291
456239440
456239063
456239454
456239773
456239943
456239461
456239131
456239097
456239770
456239445
456239304
456239060
456239451
456239147
456239274
456239303
456239286
456239550
456239947
456239508
456239367
456239257
456239100
456239844
456239391
456239139
456239278
456239273
456239547
456239498
456239359
456239950
456239631
456239209
456239128
456239261
456239673
456239579
456239696
456239460
456240047
456239920
456239037
456239528
456240030
456239751
456239835
456239313
456239242
456239086
456239318
456239206
456239238
456239140
456239382
456239268
456239684
456239343
456239446
456239384
456239233
456239224
456239955
456239333
456239213
456239953
456239731
456239071
456239754
456239447
456239404
456239358
456239190
456239597
456239137
456239640
456239211
456239729
456239395
456239425
456239466
456240818
456239388
456239433
456239216
456239759
456239329
456241005
456240682
456241236
456239424
456240028
456240700
456241316
456239408
456241235
456241036
456241333
456239150
456239785
456240685
456239189
456241422
456239476
456240056
456240032
456239148
456240846
456240453
456239136
456241158
456240665
456240405
456239215
456240113
456239987
456240475
456241303
456241326
456241410
456239647
456239940
456239809
456241220
456239270
456240686
456239416
456240037
456241068
456240982
456239161
456240232
456240988
456239117
456240683
456241185
456241518
456239017
456241291
456240977
456240835
456241327
456241041
456241012
456241441
456239146
456241217
456239158
456239591
456241023
456240973
456241131
456240595
456240230
456240240
456241461
456240864
456241192
456239492
456239501
456240634
456240157
456240633
456241064
456239390
456240355
456240661
456240228
456239354
456240783
456239248
456239294
456240676
456239964
456240371
456239227
456239347
456241366
456241199
456239379
456239527
456240618
456241275
456240827
456240656
456240212
456240012
456240662
456240819
456240022
456239848
456241394
456240797
456240066
456241034
456239449
456241397
456239365
456241479
456239372
456240359
456240321
456239457
456239389
456240901
456241094
456239968
456240021
456239666
456241252
456240993
456241406
456241334
456239407
456240735
456239346
456240457
456240702
456240896
456239228
456239182
456241356
456241123
456240825
456239771
456241342
456241341
456240680
456239356
456240330
456239651
456239621
456240027
456241553
456240923
456241429
456239728
456239181
456240563
456241262
456240437
456240755
456240609
456239452
456239954
456240551
456240340
456240900
456240399
456240575
456240877
456239979
456240888
456240644
456239467
456241183
456239518
456239350
456240675
456241067
456240956
456240402
456240773
456240832
456240821
456239156
456241396
456240928
456240967
456239990
456241053
456240353
456240732
456240605
456241263
456240958
456240498
456239440
456241369
456239445
456239967
456239653
456240522
456240329
456240260
456240947
456240424
456241547
456239358
456240320
456240029
456241279
456240837
456241211
456239152
456240265
456241111
456239671
456239125
456239928
456240155
456240927
456240747
456239195
456239782
456241328
456240809
456241525
456239214
456241423
456240581
456239378
456239231
456241115
456240124
456241079
456240909
456239151
456239502
456239962
456241437
456239240
456239752
456240753
456239340
456239157
456239995
456239355
456241549
456240410
456239298
456240677
456240127
456241555
456241151
456240887
456240500
456240392
456240454
456239387
456240678
456240176
456239913
456239806
456240950
456239038
456239266
456240071
456240543
456239976
456240388
456241013
456241165
456241174
456240612
456240671
456241204
456239994
456240464
456240804
456241029
456241019
456240664
456239961
456239959
456240377
456241022
456240820
456240709
456240828
456239952
456240716
456239368
456240966
456240104
456239144
456241310
456240521
456239432
456240480
456240040
456241276
456239121
456239413
456239529
456239557
456239815
456241349
456241247
456239939
456241186
456241050
456239430
456241203
456241060
456240596
456239456
456239526
456239532
456240501
456241285
456240466
456240064
456240892
456239374
456241099
456239393
456241417
456241542
456241027
456240812
456239316
456241113
456240266
456240070
456240598
456239296
456241232
456241412
456240653
456240668
456240491
456239332
456240039
456241357
456241233
456240860
456239315
456240209
456241254
456240808
456241401
456239540
456239762
456240271
456240758
456240859
456240772
456240823
456239859
456239592
456239503
456239171
456239668
456241097
456240711
456239415
456240139
456239344
456239974
456240250
456239102
456239789
456239192
456240779
456241463
456239960
456239541
456241166
456239113
456241002
456241395
456241063
456241143
456239307
456240576
456240701
456239781
456240667
456240290
456239985
456241028
456241466
456239116
456240945
456240114
456240429
456240508
456241293
456240841
456240496
456239366
456239311
456241243
456241071
456241294
456240588
456241250
456239490
456240370
456240553
456240873
456240917
456239935
456239487
456240339
456240741
456240455
456239981
456240594
456239517
456239047
456239197
456239623
456240292
456239120
456239786
456240636
456239375
456239917
456240865
456240878
456240769
456240929
456241202
456239451
456240314
456240957
456241496
456239745
456241298
456241124
456239313
456240536
456240911
456239268
456239382
456240715
456241510
456239224
456240870
456241107
456239333
456239213
456240934
456239404
456239545
456239729
456240304
456241278
456240785
456241136
456244233
456244305
456244214
456244575
456244657
456244315
456244472
456244251
456244423
456244631
456244171
456244584
456244349
456244609
456244605
456244409
456244461
456244083
456244285
456244457
456244615
456244169
456244638
456244381
456244614
456244532
456242214
456244306
456244594
456244220
456244608
456244356
456244520
456244600
456244177
456244335
456244323
456244647
456244201
456244497
456244343
456244508
456244197
456244290
456244485
456244469
456244518
456244538
456244216
456244556
456244563
456244471
456244525
456244354
456244560
456244519
456243303
456243316
456244334
456244548
456244516
456244352
456244374
456244462
456244299
456244272
456244328
456244345
456244297
456244642
456244606
456244491
456244298
456244526
456244268
456244248
456244376
456244453
456244225
456244561
456244236
456244562
456244238
456244386
456244405
456244578
456244217
456244379
456244523
456244318
456244158
456244392
456244540
456244617
456244162
456244373
456244024
456244252
456244150
456244503
456244288
456243706
456244156
456244630
456244574
456244295
456244428
456242189
456244226
456244239
456244380
456244419
456244592
456244700
456244307
456244233
456244431
456244295
456243668
456244305
456243798
456243791
456244413
456244324
456244159
456244393
456244234
456243964
456244329
456244333
456244226
456244481
456244570
456244475
456244005
456244212
456244326
456244421
456244480
456244311
456244524
456244053
456243396
456239704
456239272
456239683
456239373
456239519
456239961
456239295
456239669
456239822
456239366
456239732
456239311
456239450
456239588
456239727
456239497
456239576
456239368
456239888
456239389
456239700
456239232
456239590
456239612
456239544
456239255
456239735
456239258
456239853
456239306
456239885
456239555
456239931
456239574
456239282
456239517
456239259
456239247
456239468
456239290
456239264
456239915
456239619
456239892
456239293
456239344
456239428
456239525
456239440
456239542
456239351
456239896
456239355
456239377
456239520
456239977
456239655
456239957
456239631
456239348
456239910
456239842
456239657
456239403
456239316
456239270
456239672
456239835
456239268
456239860
456239442
456239244
456239706
456239953
456239976
456239324
456239715
456239444
456239334
456239489
456239584
456239694
456240570
456239908
456241385
456244159
456244904
456239840
456244504
456239482
456240319
456239707
456243114
456246984
456261763
456239244
456239338
456244959
456243194
456248834
456243860
456263307
456242764
456251172
456239377
456239546
456244540
456254069
456241112
456246241
456239085
456246348
456239901
456240836
456239860
456240232
456263044
456239716
456239641
456240255
456244206
456244410
456243681
456239335
456262976
456239083
456239676
456241231
456250823
456251005
456240518
456241311
456241148
456239896
456239693
456254090
456239498
456239440
456239266
456239064
456253500
456240356
456258838
456239361
456239431
456239018
456240437
456239947
456239035
456241211
456249872
456250395
456258797
456247131
456260211
456239246
456246500
456246353
456239683
456239293
456239446
456240963
456250661
456241716
456242641
456262768
456246943
456239670
456239062
456239490
456239593
456241064
456259737
456240827
456249581
456239718
456246685
456257563
456240684
456242749
456256765
456256678
456241679
456242283
456242505
456239261
456242575
456240573
456239619
456242688
456239940
456248035
456257392
456248221
456240838
