456241141
456241512
456246399
456239747
456248425
456246057
456263817
456240169
456239954
456265533
456239356
456273513
456245644
456265159
456239390
456239092
456245680
456245641
456239241
456240127
456249963
456239204
456252958
456241888
456277936
456277857
456239149
456239184
456241322
456244387
456247742
456244207
456248759
456239994
456240883
456239656
456241675
456273000
456246446
456244108
456249184
456239308
456243817
456239476
456240645
456243642
456240132
456245225
456239155
456241221
456239129
456249262
456243628
456248739
456240211
456240333
456243858
456241648
456250245
456245135
456241737
456249941
456270936
456241211
456244218
456261182
456241643
456240405
456261202
456245351
456240014
456239276
456240057
456239300
456239212
456241404
456242965
456249387
456249756
456262773
456240189
456252703
456240225
456240246
456245703
456245809
456244042
456239441
456243925
456240942
456242483
456239096
456247634
456243962
456242368
456240290
456251053
456271486
456239825
456242855
456240591
456248752
456240239
456244626
456272509
